



- id: 10.32942/X2CC97





- id: 10.32942/X29G7W

